image: myHomeMap20June1AM.pgm
resolution: 0.050000
origin: [-33.111893, -19.397766, 0.000000]
negate: 0
occupied_thresh: 0.65
free_thresh: 0.196

